180717903 190289814 218785960 275182377 163483661 243868343 273615221 63635292 10594158 270115093 202005299 262879090 46861625 244477726 163298351 30358240 21605486 842420 10823695 105486175 207322347 25046835 23274834 769817 118931878 20720869 242680197 245418653 13207841 87071182 27193707 203055025 57473707 190289814 200368711 230374185 289757697 172142743 256785082 288107535 67005801 11155288 284422019 212704719 276802754 49343699 257426742 171947618 31966195 22749843 887039 11396983 111073360 218303390 26373467 24507610 810591 125231228 21818371 255534005 258417507 13907409 91682997 28634050 213810046 60517862 218785960 230374185 264873017 333149287 197921342 295238981 331252012 77040006 12825807 327014585 244557526 318254325 56732982 295976730 197696996 36753175 26156661 1019875 13103697 127706739 250994605 30322928 28177656 931978 143984767 25085701 293800553 297115863 15990061 105412645 32922036 245828377 69580490 275182377 289757697 333149287 419025118 248939490 371342679 416638783 96898595 16131914 411309075 307597075 400290684 71357033 372270598 248657315 46227034 32899059 1282768 16481434 160625683 315693439 38139264 35441005 1172214 181099694 31552038 369533468 373703365 20111816 132584843 41408344 309195513 87516241 163483661 172142743 197921342 248939490 147892971 220611732 247521787 57566684 9583841 244355450 182740976 237809512 42392646 221163001 147725333 27463113 19545069 762082 9791489 95426440 187550961 22658233 21055219 696403 107589888 18744814 219536894 222014197 11948270 78767601 24600367 183690595 51992702 243868343 256785082 295238981 371342679 220611732 329086204 369227894 85872140 14296203 364504673 272594451 354740107 63237049 329908531 220361667 40966686 29155352 1136797 14605950 142347484 279769499 33799254 31408040 1038823 160491681 27961613 327482870 331178258 17823217 117497517 36696333 274010996 77557439 273615221 288107535 331252012 416638783 247521787 369227894 414266037 96346760 16040043 408966682 305845319 398011040 70950657 370150528 247241219 45963772 32711700 1275463 16387573 159710924 313895574 37922062 35239170 1165538 180068337 31372350 367428986 371575136 19997280 131829776 41172524 307434653 87017838 63635292 67005801 77040006 96898595 57566684 85872140 96346760 22407577 3730468 95114277 71131116 92566300 16501149 86086720 57501432 10689895 7607831 296637 3811293 37144319 73003382 8819617 8195651 271071 41878888 7296336 85453765 86418044 4650811 30659940 9575584 71500751 20237929 10594158 11155288 12825807 16131914 9583841 14296203 16040043 3730468 621057 15834856 11842081 15410663 2747151 14331926 9572978 1779679 1266570 49384 634513 6183876 12153780 1468311 1364431 45128 6972099 1214711 14226550 14387086 774278 5104341 1594166 11903619 3369259 270115093 284422019 327014585 411309075 244355450 364504673 408966682 95114277 15834856 403735116 301932898 392919622 70043045 365415505 244078471 45375797 32293247 1259147 16177940 157667877 309880173 37436957 34788385 1150628 177764875 30971030 362728777 366821889 19741472 130143389 40645839 303501902 85904692 202005299 212704719 244557526 307597075 182740976 272594451 305845319 71131116 11842081 301932898 225800213 293844541 52381620 273275616 182533837 33934244 24150472 941651 12098656 117911762 231743574 27997190 26016458 860496 132941282 23161653 271266349 274327378 14763640 97327602 30396949 226973590 64243737 262879090 276802754 318254325 400290684 237809512 354740107 398011040 92566300 15410663 392919622 293844541 382393859 68166691 355626539 237539952 44160243 31428156 1225416 15744556 153444177 301578920 36434073 33856453 1119805 173002804 30141359 353011785 356995247 19212626 126657031 39556994 295371513 83603427 46861625 49343699 56732982 71357033 42392646 63237049 70950657 16501149 2747151 70043045 52381620 68166691 12151601 63395067 42344593 7872139 5602478 218446 2806672 27353425 53760374 6494848 6035354 199619 30840005 5373090 62928953 63639057 3424901 22578267 7051550 52653823 14903400 244477726 257426742 295976730 372270598 221163001 329908531 370150528 86086720 14331926 365415505 273275616 355626539 63395067 330732914 220912311 41069055 29228206 1139637 14642448 142703185 280468593 33883712 31486523 1041419 160892721 28031484 328301191 332005814 17867754 117791122 36788030 274695701 77751242 163298351 171947618 197696996 248657315 147725333 220361667 247241219 57501432 9572978 244078471 182533837 237539952 42344593 220912311 147557885 27431983 19522915 761218 9780390 95318274 187338371 22632550 21031353 695613 107467934 18723567 219288047 221762542 11934726 78678317 24572483 183482380 51933768 30358240 31966195 36753175 46227034 27463113 40966686 45963772 10689895 1779679 45375797 33934244 44160243 7872139 41069055 27431983 5099786 3629438 141515 1818239 17720295 34827438 4207540 3909867 129319 19978997 3480834 40767093 41227118 2218744 14626817 4568186 34110584 9654830 21605486 22749843 26156661 32899059 19545069 29155352 32711700 7607831 1266570 32293247 24150472 31428156 5602478 29228206 19522915 3629438 2583014 100714 1294012 12611258 24786144 2994440 2782591 92034 14218741 2477255 29013305 29340697 1579045 10409678 3251107 24275971 6871191 842420 887039 1019875 1282768 762082 1136797 1275463 296637 49384 1259147 941651 1225416 218446 1139637 761218 141515 100714 3926 50454 491725 966437 116756 108496 3588 554403 96590 1131258 1144024 61568 405884 126764 946545 267914 10823695 11396983 13103697 16481434 9791489 14605950 16387573 3811293 634513 16177940 12098656 15744556 2806672 14642448 9780390 1818239 1294012 50454 648261 6317859 12417109 1500124 1393994 46106 7123159 1241030 14534789 14698802 791054 5214934 1628706 12161527 3442259 105486175 111073360 127706739 160625683 95426440 142347484 159710924 37144319 6183876 157667877 117911762 153444177 27353425 142703185 95318274 17720295 12611258 491725 6317859 61572943 121015357 14619995 13585667 449347 69421284 12094901 141653956 143252410 7709500 50823996 15873138 118524494 33547764 207322347 218303390 250994605 315693439 187550961 279769499 313895574 73003382 12153780 309880173 231743574 301578920 53760374 280468593 187338371 34827438 24786144 966437 12417109 121015357 237843373 28734113 26701246 883146 136440473 23771299 278406440 281548040 15152238 99889394 31197037 232947836 65934718 25046835 26373467 30322928 38139264 22658233 33799254 37922062 8819617 1468311 37436957 27997190 36434073 6494848 33883712 22632550 4207540 2994440 116756 1500124 14619995 28734113 3471399 3225806 106693 16483520 2871836 33634581 34014121 1830558 12067745 3768947 28142678 7965644 23274834 24507610 28177656 35441005 21055219 31408040 35239170 8195651 1364431 34788385 26016458 33856453 6035354 31486523 21031353 3909867 2782591 108496 1393994 13585667 26701246 3225806 2997588 99145 15317352 2668660 31255018 31607706 1701050 11213982 3502304 26151654 7402094 769817 810591 931978 1172214 696403 1038823 1165538 271071 45128 1150628 860496 1119805 199619 1041419 695613 129319 92034 3588 46106 449347 883146 106693 99145 3279 506622 88266 1033762 1045427 56262 370903 115839 864968 244824 118931878 125231228 143984767 181099694 107589888 160491681 180068337 41878888 6972099 177764875 132941282 173002804 30840005 160892721 107467934 19978997 14218741 554403 7123159 69421284 136440473 16483520 15317352 506622 78270008 13636567 159709753 161511953 8692185 57302232 17896393 133632115 37823900 20720869 21818371 25085701 31552038 18744814 27961613 31372350 7296336 1214711 30971030 23161653 30141359 5373090 28031484 18723567 3480834 2477255 96590 1241030 12094901 23771299 2871836 2668660 88266 13636567 2375826 27825382 28139369 1514393 9983463 3117993 23282013 6589857 242680197 255534005 293800553 369533468 219536894 327482870 367428986 85453765 14226550 362728777 271266349 353011785 62928953 328301191 219288047 40767093 29013305 1131258 14534789 141653956 278406440 33634581 31255018 1033762 159709753 27825382 325887347 329564732 17736381 116925059 36517545 272675993 77179573 245418653 258417507 297115863 373703365 222014197 331178258 371575136 86418044 14387086 366821889 274327378 356995247 63639057 332005814 221762542 41227118 29340697 1144024 14698802 143252410 281548040 34014121 31607706 1045427 161511953 28139369 329564732 333283613 17936522 118244468 36929617 275752929 78050485 13207841 13907409 15990061 20111816 11948270 17823217 19997280 4650811 774278 19741472 14763640 19212626 3424901 17867754 11934726 2218744 1579045 61568 791054 7709500 15152238 1830558 1701050 56262 8692185 1514393 17736381 17936522 965300 6363633 1987463 14840359 4200489 87071182 91682997 105412645 132584843 78767601 117497517 131829776 30659940 5104341 130143389 97327602 126657031 22578267 117791122 78678317 14626817 10409678 405884 5214934 50823996 99889394 12067745 11213982 370903 57302232 9983463 116925059 118244468 6363633 41951520 13102123 97833368 27691244 27193707 28634050 32922036 41408344 24600367 36696333 41172524 9575584 1594166 40645839 30396949 39556994 7051550 36788030 24572483 4568186 3251107 126764 1628706 15873138 31197037 3768947 3502304 115839 17896393 3117993 36517545 36929617 1987463 13102123 4092000 30554908 8648413 203055025 213810046 245828377 309195513 183690595 274010996 307434653 71500751 11903619 303501902 226973590 295371513 52653823 274695701 183482380 34110584 24275971 946545 12161527 118524494 232947836 28142678 26151654 864968 133632115 23282013 272675993 275752929 14840359 97833368 30554908 228153065 64577582 57473707 60517862 69580490 87516241 51992702 77557439 87017838 20237929 3369259 85904692 64243737 83603427 14903400 77751242 51933768 9654830 6871191 267914 3442259 33547764 65934718 7965644 7402094 244824 37823900 6589857 77179573 78050485 4200489 27691244 8648413 64577582 18278361
180717903 3166480290 218785960 275182377 6115864613 3220058819 3249805697 3039825768 2986784634 3246305569 3178195775 3239069566 3023052101 3220668202 3139488827 5982739192 2997795962 2977032896 2987014171 3081676651 3183512823 3001237311 2999465310 769817 118931878 2996911345 3218870673 3221609129 2989398317 87071182 27193707 203055025 57473707 190289814 200368711 230374185 289757697 172142743 256785082 288107535 67005801 11155288 284422019 212704719 276802754 49343699 257426742 171947618 31966195 22749843 887039 11396983 111073360 218303390 26373467 24507610 810591 125231228 21818371 255534005 258417507 13907409 91682997 28634050 213810046 60517862 218785960 3206564661 264873017 333149287 6150302294 3271429457 3307442488 3053230482 2989016283 3303205061 244557526 318254325 3032923458 3272167206 3173887472 5989134127 3002347137 2977210351 2989294173 3103897215 3227185081 3006513404 3004368132 931978 143984767 3001276177 293800553 297115863 15990061 105412645 32922036 245828377 69580490 275182377 3265948173 333149287 419025118 6201320442 3347533155 3392829259 3073089071 2992322390 3387499551 3283787551 400290684 3047547509 3348461074 3224847791 5998607986 3009089535 2977473244 2992671910 3136816159 3291883915 3014329740 3011631481 1172214 181099694 3007742514 3345723944 373703365 20111816 132584843 41408344 309195513 87516241 163483661 172142743 197921342 248939490 147892971 220611732 247521787 57566684 9583841 244355450 182740976 237809512 42392646 221163001 147725333 27463113 19545069 762082 9791489 95426440 187550961 22658233 21055219 696403 107589888 18744814 219536894 222014197 11948270 78767601 24600367 183690595 51992702 243868343 256785082 295238981 371342679 220611732 329086204 369227894 85872140 14296203 364504673 272594451 354740107 63237049 329908531 220361667 40966686 29155352 1136797 14605950 142347484 279769499 33799254 31408040 1038823 160491681 27961613 327482870 331178258 17823217 117497517 36696333 274010996 77557439 273615221 288107535 331252012 416638783 247521787 369227894 414266037 96346760 16040043 408966682 305845319 398011040 70950657 370150528 247241219 45963772 32711700 1275463 16387573 159710924 313895574 37922062 35239170 1165538 180068337 31372350 367428986 371575136 19997280 131829776 41172524 307434653 87017838 63635292 67005801 77040006 96898595 57566684 85872140 96346760 22407577 3730468 95114277 71131116 92566300 16501149 86086720 57501432 10689895 7607831 296637 3811293 37144319 73003382 8819617 8195651 271071 41878888 7296336 85453765 86418044 4650811 30659940 9575584 71500751 20237929 10594158 11155288 12825807 16131914 9583841 14296203 16040043 3730468 621057 15834856 11842081 15410663 2747151 14331926 9572978 1779679 1266570 49384 634513 6183876 12153780 1468311 1364431 45128 6972099 1214711 14226550 14387086 774278 5104341 1594166 11903619 3369259 270115093 284422019 327014585 411309075 244355450 364504673 408966682 95114277 15834856 403735116 301932898 392919622 70043045 365415505 244078471 45375797 32293247 1259147 16177940 157667877 309880173 37436957 34788385 1150628 177764875 30971030 362728777 366821889 19741472 130143389 40645839 303501902 85904692 202005299 212704719 244557526 307597075 182740976 272594451 305845319 71131116 11842081 301932898 225800213 293844541 52381620 273275616 182533837 33934244 24150472 941651 12098656 117911762 231743574 27997190 26016458 860496 132941282 23161653 271266349 274327378 14763640 97327602 30396949 226973590 64243737 262879090 276802754 318254325 400290684 237809512 354740107 398011040 92566300 15410663 392919622 293844541 382393859 68166691 355626539 237539952 44160243 31428156 1225416 15744556 153444177 301578920 36434073 33856453 1119805 173002804 30141359 353011785 356995247 19212626 126657031 39556994 295371513 83603427 46861625 49343699 56732982 71357033 42392646 63237049 70950657 16501149 2747151 70043045 52381620 68166691 12151601 63395067 42344593 7872139 5602478 218446 2806672 27353425 53760374 6494848 6035354 199619 30840005 5373090 62928953 63639057 3424901 22578267 7051550 52653823 14903400 244477726 257426742 295976730 372270598 221163001 329908531 370150528 86086720 14331926 365415505 273275616 355626539 63395067 330732914 220912311 41069055 29228206 1139637 14642448 142703185 280468593 33883712 31486523 1041419 160892721 28031484 328301191 332005814 17867754 117791122 36788030 274695701 77751242 163298351 171947618 197696996 248657315 147725333 220361667 247241219 57501432 9572978 244078471 182533837 237539952 42344593 220912311 147557885 27431983 19522915 761218 9780390 95318274 187338371 22632550 21031353 695613 107467934 18723567 219288047 221762542 11934726 78678317 24572483 183482380 51933768 30358240 31966195 36753175 46227034 27463113 40966686 45963772 10689895 1779679 45375797 33934244 44160243 7872139 41069055 27431983 5099786 3629438 141515 1818239 17720295 34827438 4207540 3909867 129319 19978997 3480834 40767093 41227118 2218744 14626817 4568186 34110584 9654830 21605486 22749843 26156661 32899059 19545069 29155352 32711700 7607831 1266570 32293247 24150472 31428156 5602478 29228206 19522915 3629438 2583014 100714 1294012 12611258 24786144 2994440 2782591 92034 14218741 2477255 29013305 29340697 1579045 10409678 3251107 24275971 6871191 842420 887039 1019875 1282768 762082 1136797 1275463 296637 49384 1259147 941651 1225416 218446 1139637 761218 141515 100714 3926 50454 491725 966437 116756 108496 3588 554403 96590 1131258 1144024 61568 405884 126764 946545 267914 10823695 11396983 13103697 16481434 9791489 14605950 16387573 3811293 634513 16177940 12098656 15744556 2806672 14642448 9780390 1818239 1294012 50454 648261 6317859 12417109 1500124 1393994 46106 7123159 1241030 14534789 14698802 791054 5214934 1628706 12161527 3442259 105486175 111073360 127706739 160625683 95426440 142347484 159710924 37144319 6183876 157667877 117911762 153444177 27353425 142703185 95318274 17720295 12611258 491725 6317859 61572943 121015357 14619995 13585667 449347 69421284 12094901 141653956 143252410 7709500 50823996 15873138 118524494 33547764 207322347 218303390 250994605 315693439 187550961 279769499 313895574 73003382 12153780 309880173 231743574 301578920 53760374 280468593 187338371 34827438 24786144 966437 12417109 121015357 237843373 28734113 26701246 883146 136440473 23771299 278406440 281548040 15152238 99889394 31197037 232947836 65934718 25046835 26373467 30322928 38139264 22658233 33799254 37922062 8819617 1468311 37436957 27997190 36434073 6494848 33883712 22632550 4207540 2994440 116756 1500124 14619995 28734113 3471399 3225806 106693 16483520 2871836 33634581 34014121 1830558 12067745 3768947 28142678 7965644 23274834 24507610 28177656 35441005 21055219 31408040 35239170 8195651 1364431 34788385 26016458 33856453 6035354 31486523 21031353 3909867 2782591 108496 1393994 13585667 26701246 3225806 2997588 99145 15317352 2668660 31255018 31607706 1701050 11213982 3502304 26151654 7402094 769817 2977001067 931978 1172214 696403 1038823 1165538 271071 45128 1150628 860496 1119805 199619 1041419 695613 129319 92034 3588 46106 449347 883146 106693 99145 3279 506622 88266 1033762 1045427 56262 370903 115839 864968 244824 118931878 3101421704 143984767 181099694 6059970840 3136682157 3156258813 3018069364 2983162575 3153955351 132941282 173002804 3007030481 160892721 3083658410 19978997 2990409217 2976744879 2983313635 69421284 136440473 16483520 15317352 506622 78270008 13636567 159709753 161511953 8692185 57302232 17896393 133632115 37823900 20720869 21818371 25085701 31552038 18744814 27961613 31372350 7296336 1214711 30971030 23161653 30141359 5373090 28031484 18723567 3480834 2477255 96590 1241030 12094901 23771299 2871836 2668660 88266 13636567 2375826 27825382 28139369 1514393 9983463 3117993 23282013 6589857 242680197 255534005 293800553 369533468 219536894 327482870 367428986 85453765 14226550 362728777 271266349 353011785 62928953 328301191 219288047 40767093 29013305 1131258 14534789 141653956 278406440 33634581 31255018 1033762 159709753 27825382 325887347 329564732 17736381 116925059 36517545 272675993 77179573 245418653 258417507 297115863 373703365 222014197 331178258 371575136 86418044 14387086 366821889 274327378 356995247 63639057 332005814 221762542 41227118 29340697 1144024 14698802 143252410 281548040 34014121 31607706 1045427 161511953 28139369 329564732 333283613 17936522 118244468 36929617 275752929 78050485 13207841 13907409 15990061 20111816 11948270 17823217 19997280 4650811 774278 19741472 14763640 19212626 3424901 17867754 11934726 2218744 1579045 61568 791054 7709500 15152238 1830558 1701050 56262 8692185 1514393 17736381 17936522 965300 6363633 1987463 14840359 4200489 87071182 91682997 105412645 132584843 78767601 117497517 131829776 30659940 5104341 130143389 97327602 126657031 22578267 117791122 78678317 14626817 10409678 405884 5214934 50823996 99889394 12067745 11213982 370903 57302232 9983463 116925059 118244468 6363633 41951520 13102123 97833368 27691244 27193707 28634050 32922036 41408344 24600367 36696333 41172524 9575584 1594166 40645839 30396949 39556994 7051550 36788030 24572483 4568186 3251107 126764 1628706 15873138 31197037 3768947 3502304 115839 17896393 3117993 36517545 36929617 1987463 13102123 4092000 30554908 8648413 203055025 213810046 245828377 309195513 183690595 274010996 307434653 71500751 11903619 303501902 226973590 295371513 52653823 274695701 183482380 34110584 24275971 946545 12161527 118524494 232947836 28142678 26151654 864968 133632115 23282013 272675993 275752929 14840359 97833368 30554908 228153065 64577582 57473707 60517862 69580490 87516241 51992702 77557439 87017838 20237929 3369259 85904692 64243737 83603427 14903400 77751242 51933768 9654830 6871191 267914 3442259 33547764 65934718 7965644 7402094 244824 37823900 6589857 77179573 78050485 4200489 27691244 8648413 64577582 18278361
180717903 190289814 3841974365 3898370782 163483661 243868343 273615221 63635292 10594158 270115093 202005299 262879090 46861625 244477726 163298351 30358240 21605486 842420 10823695 105486175 207322347 25046835 23274834 3623958222 3742120283 20720869 242680197 3868607058 7259584652 3710259587 3650382112 3826243430 3680662112 190289814 200368711 3853562590 3912946102 172142743 256785082 288107535 67005801 11155288 284422019 212704719 276802754 49343699 257426742 171947618 31966195 22749843 887039 11396983 111073360 218303390 26373467 24507610 3623998996 3748419633 21818371 255534005 258417507 13907409 91682997 28634050 213810046 60517862 218785960 230374185 264873017 333149287 197921342 295238981 331252012 77040006 12825807 327014585 244557526 318254325 56732982 295976730 197696996 36753175 26156661 1019875 13103697 127706739 250994605 30322928 28177656 931978 143984767 25085701 293800553 297115863 15990061 105412645 32922036 245828377 69580490 275182377 289757697 333149287 419025118 248939490 371342679 416638783 96898595 16131914 411309075 307597075 400290684 71357033 372270598 248657315 46227034 32899059 1282768 16481434 160625683 315693439 38139264 35441005 1172214 181099694 31552038 369533468 373703365 20111816 132584843 41408344 309195513 87516241 163483661 172142743 7444298153 7495316301 147892971 220611732 247521787 57566684 9583841 244355450 182740976 237809512 42392646 221163001 147725333 27463113 19545069 762082 9791489 95426440 187550961 22658233 21055219 696403 7353966699 18744814 219536894 222014197 11948270 78767601 24600367 183690595 51992702 243868343 256785082 3918427386 3994531084 220611732 329086204 369227894 85872140 14296203 364504673 272594451 354740107 63237049 329908531 220361667 40966686 29155352 1136797 14605950 142347484 279769499 33799254 31408040 1038823 3783680086 27961613 327482870 331178258 17823217 117497517 36696333 274010996 77557439 273615221 288107535 3954440417 4039827188 247521787 369227894 414266037 96346760 16040043 408966682 305845319 398011040 70950657 370150528 247241219 45963772 32711700 1275463 16387573 159710924 313895574 37922062 35239170 1165538 3803256742 31372350 367428986 371575136 19997280 131829776 41172524 307434653 87017838 63635292 67005801 3700228411 3720087000 57566684 85872140 96346760 22407577 3730468 95114277 71131116 92566300 16501149 86086720 57501432 10689895 7607831 296637 3811293 37144319 73003382 8819617 8195651 271071 3665067293 7296336 85453765 86418044 4650811 30659940 9575584 71500751 20237929 10594158 11155288 3636014212 3639320319 9583841 14296203 16040043 3730468 621057 15834856 11842081 15410663 2747151 14331926 9572978 1779679 1266570 49384 634513 6183876 12153780 1468311 1364431 45128 3630160504 1214711 14226550 14387086 774278 5104341 1594166 11903619 3369259 270115093 284422019 3950202990 4034497480 244355450 364504673 408966682 95114277 15834856 403735116 301932898 392919622 70043045 365415505 244078471 45375797 32293247 1259147 16177940 157667877 309880173 37436957 34788385 1150628 3800953280 30971030 362728777 366821889 19741472 130143389 40645839 303501902 85904692 202005299 212704719 244557526 3930785480 182740976 272594451 305845319 71131116 11842081 301932898 225800213 293844541 52381620 273275616 182533837 33934244 24150472 941651 12098656 117911762 231743574 27997190 26016458 860496 132941282 23161653 271266349 274327378 14763640 97327602 30396949 226973590 64243737 262879090 276802754 318254325 400290684 237809512 354740107 398011040 92566300 15410663 392919622 293844541 382393859 68166691 355626539 237539952 44160243 31428156 1225416 15744556 153444177 301578920 36434073 33856453 1119805 173002804 30141359 353011785 356995247 19212626 126657031 39556994 295371513 83603427 46861625 49343699 3679921387 3694545438 42392646 63237049 70950657 16501149 2747151 70043045 52381620 68166691 12151601 63395067 42344593 7872139 5602478 218446 2806672 27353425 53760374 6494848 6035354 199619 3654028410 5373090 62928953 63639057 3424901 22578267 7051550 52653823 14903400 244477726 257426742 3919165135 3995459003 221163001 329908531 370150528 86086720 14331926 365415505 273275616 355626539 63395067 330732914 220912311 41069055 29228206 1139637 14642448 142703185 280468593 33883712 31486523 1041419 160892721 28031484 328301191 332005814 17867754 117791122 36788030 274695701 77751242 163298351 171947618 3820885401 3871845720 147725333 220361667 247241219 57501432 9572978 244078471 182533837 237539952 42344593 220912311 147557885 27431983 19522915 761218 9780390 95318274 187338371 22632550 21031353 695613 3730656339 18723567 219288047 221762542 11934726 78678317 24572483 183482380 51933768 30358240 31966195 7283129986 7292603845 27463113 40966686 45963772 10689895 1779679 45375797 33934244 44160243 7872139 41069055 27431983 5099786 3629438 141515 1818239 17720295 34827438 4207540 3909867 129319 19978997 3480834 40767093 41227118 2218744 14626817 4568186 34110584 9654830 21605486 22749843 3649345066 3656087464 19545069 29155352 32711700 7607831 1266570 32293247 24150472 31428156 5602478 29228206 19522915 3629438 2583014 100714 1294012 12611258 24786144 2994440 2782591 92034 3637407146 2477255 29013305 29340697 1579045 10409678 3251107 24275971 6871191 842420 887039 3624208280 3624471173 762082 1136797 1275463 296637 49384 1259147 941651 1225416 218446 1139637 761218 141515 100714 3926 50454 491725 966437 116756 108496 3588 3623742808 96590 1131258 1144024 61568 405884 126764 946545 267914 10823695 11396983 3636292102 3639669839 9791489 14605950 16387573 3811293 634513 16177940 12098656 15744556 2806672 14642448 9780390 1818239 1294012 50454 648261 6317859 12417109 1500124 1393994 46106 3630311564 1241030 14534789 14698802 791054 5214934 1628706 12161527 3442259 105486175 111073360 3750895144 3783814088 95426440 142347484 159710924 37144319 6183876 157667877 117911762 153444177 27353425 142703185 95318274 17720295 12611258 491725 6317859 61572943 121015357 14619995 13585667 449347 69421284 12094901 141653956 143252410 7709500 50823996 15873138 118524494 33547764 207322347 218303390 3874183010 3938881844 187550961 279769499 313895574 73003382 12153780 309880173 231743574 301578920 53760374 280468593 187338371 34827438 24786144 966437 12417109 121015357 237843373 28734113 26701246 883146 136440473 23771299 278406440 281548040 15152238 99889394 31197037 232947836 65934718 25046835 26373467 3653511333 3661327669 22658233 33799254 37922062 8819617 1468311 37436957 27997190 36434073 6494848 33883712 22632550 4207540 2994440 116756 1500124 14619995 28734113 3471399 3225806 106693 16483520 2871836 33634581 34014121 1830558 12067745 3768947 28142678 7965644 23274834 24507610 3651366061 3658629410 21055219 31408040 35239170 8195651 1364431 34788385 26016458 33856453 6035354 31486523 21031353 3909867 2782591 108496 1393994 13585667 26701246 3225806 2997588 99145 15317352 2668660 31255018 31607706 1701050 11213982 3502304 26151654 7402094 769817 810591 931978 1172214 696403 1038823 1165538 271071 45128 1150628 860496 1119805 199619 1041419 695613 129319 92034 3588 46106 449347 883146 106693 99145 3279 506622 88266 1033762 1045427 56262 370903 115839 864968 244824 118931878 125231228 143984767 181099694 107589888 160491681 180068337 41878888 6972099 177764875 132941282 173002804 30840005 160892721 107467934 19978997 14218741 554403 7123159 69421284 136440473 16483520 15317352 506622 78270008 13636567 159709753 161511953 8692185 57302232 17896393 133632115 37823900 20720869 21818371 3648274106 3654740443 18744814 27961613 31372350 7296336 1214711 30971030 23161653 30141359 5373090 28031484 18723567 3480834 2477255 96590 1241030 12094901 23771299 2871836 2668660 88266 13636567 2375826 27825382 28139369 1514393 9983463 3117993 23282013 6589857 242680197 255534005 293800553 3992721873 219536894 327482870 367428986 85453765 14226550 362728777 271266349 353011785 62928953 328301191 219288047 40767093 29013305 1131258 14534789 141653956 278406440 33634581 31255018 1033762 159709753 27825382 325887347 329564732 17736381 116925059 36517545 272675993 77179573 245418653 258417507 297115863 373703365 222014197 331178258 371575136 86418044 14387086 366821889 274327378 356995247 63639057 332005814 221762542 41227118 29340697 1144024 14698802 143252410 281548040 34014121 31607706 1045427 161511953 28139369 329564732 333283613 17936522 118244468 36929617 275752929 78050485 13207841 13907409 15990061 20111816 11948270 17823217 19997280 4650811 774278 19741472 14763640 19212626 3424901 17867754 11934726 2218744 1579045 61568 791054 7709500 15152238 1830558 1701050 56262 8692185 1514393 17736381 17936522 965300 6363633 1987463 14840359 4200489 87071182 91682997 105412645 132584843 78767601 117497517 131829776 30659940 5104341 130143389 97327602 126657031 22578267 117791122 78678317 14626817 10409678 405884 5214934 50823996 99889394 12067745 11213982 370903 57302232 9983463 116925059 118244468 6363633 41951520 13102123 97833368 27691244 27193707 28634050 32922036 41408344 24600367 36696333 41172524 9575584 1594166 40645839 30396949 39556994 7051550 36788030 24572483 4568186 3251107 126764 1628706 15873138 31197037 3768947 3502304 115839 17896393 3117993 36517545 36929617 1987463 13102123 4092000 30554908 8648413 203055025 213810046 245828377 309195513 183690595 274010996 307434653 71500751 11903619 303501902 226973590 295371513 52653823 274695701 183482380 34110584 24275971 946545 12161527 118524494 232947836 28142678 26151654 864968 133632115 23282013 272675993 275752929 14840359 97833368 30554908 228153065 64577582 57473707 60517862 69580490 87516241 51992702 77557439 87017838 20237929 3369259 85904692 64243737 83603427 14903400 77751242 51933768 9654830 6871191 267914 3442259 33547764 65934718 7965644 7402094 244824 37823900 6589857 77179573 78050485 4200489 27691244 8648413 64577582 18278361
180717903 190289814 4604750872 275182377 163483661 243868343 273615221 63635292 10594158 270115093 202005299 262879090 46861625 244477726 163298351 30358240 21605486 842420 10823695 105486175 207322347 25046835 23274834 4386734729 4504896790 20720869 242680197 4631383565 8785137665 4473036094 4413158619 4589019937 4443438619 190289814 200368711 4616339097 289757697 172142743 256785082 288107535 67005801 11155288 284422019 212704719 276802754 49343699 257426742 171947618 31966195 22749843 887039 11396983 111073360 218303390 26373467 24507610 4386775503 4511196140 21818371 255534005 258417507 13907409 91682997 28634050 213810046 60517862 218785960 230374185 264873017 333149287 197921342 295238981 331252012 77040006 12825807 327014585 244557526 318254325 56732982 295976730 197696996 36753175 26156661 1019875 13103697 127706739 250994605 30322928 28177656 931978 143984767 25085701 293800553 297115863 15990061 105412645 32922036 245828377 69580490 275182377 289757697 4719114199 419025118 248939490 371342679 416638783 96898595 16131914 411309075 307597075 4786255596 71357033 372270598 248657315 46227034 32899059 1282768 16481434 160625683 315693439 38139264 35441005 4387137126 4567064606 31552038 4755498380 4759668277 8792041640 4518549755 4427373256 4695160425 4473481153 163483661 172142743 8969851166 248939490 147892971 220611732 247521787 57566684 9583841 244355450 182740976 237809512 42392646 221163001 147725333 27463113 19545069 762082 9791489 95426440 187550961 22658233 21055219 696403 8879519712 18744814 219536894 222014197 11948270 78767601 24600367 183690595 51992702 243868343 256785082 4681203893 371342679 220611732 329086204 369227894 85872140 14296203 364504673 272594451 354740107 63237049 329908531 220361667 40966686 29155352 1136797 14605950 142347484 279769499 33799254 31408040 1038823 4546456593 27961613 327482870 331178258 17823217 117497517 36696333 274010996 77557439 273615221 288107535 4717216924 416638783 247521787 369227894 414266037 96346760 16040043 408966682 305845319 398011040 70950657 370150528 247241219 45963772 32711700 1275463 16387573 159710924 313895574 37922062 35239170 1165538 4566033249 31372350 367428986 371575136 19997280 131829776 41172524 307434653 87017838 63635292 67005801 4463004918 96898595 57566684 85872140 96346760 22407577 3730468 95114277 71131116 92566300 16501149 86086720 57501432 10689895 7607831 296637 3811293 37144319 73003382 8819617 8195651 271071 4427843800 7296336 85453765 86418044 4650811 30659940 9575584 71500751 20237929 10594158 11155288 4398790719 16131914 9583841 14296203 16040043 3730468 621057 15834856 11842081 15410663 2747151 14331926 9572978 1779679 1266570 49384 634513 6183876 12153780 1468311 1364431 45128 4392937011 1214711 14226550 14387086 774278 5104341 1594166 11903619 3369259 270115093 284422019 4712979497 411309075 244355450 364504673 408966682 95114277 15834856 403735116 301932898 392919622 70043045 365415505 244078471 45375797 32293247 1259147 16177940 157667877 309880173 37436957 34788385 1150628 4563729787 30971030 362728777 366821889 19741472 130143389 40645839 303501902 85904692 202005299 212704719 244557526 307597075 182740976 272594451 305845319 71131116 11842081 301932898 225800213 293844541 52381620 273275616 182533837 33934244 24150472 941651 12098656 117911762 231743574 27997190 26016458 860496 132941282 23161653 271266349 274327378 14763640 97327602 30396949 226973590 64243737 262879090 276802754 318254325 400290684 237809512 354740107 398011040 92566300 15410663 392919622 293844541 382393859 68166691 355626539 237539952 44160243 31428156 1225416 15744556 153444177 301578920 36434073 33856453 1119805 173002804 30141359 353011785 356995247 19212626 126657031 39556994 295371513 83603427 46861625 49343699 4442697894 71357033 42392646 63237049 70950657 16501149 2747151 70043045 52381620 68166691 12151601 63395067 42344593 7872139 5602478 218446 2806672 27353425 53760374 6494848 6035354 199619 4416804917 5373090 62928953 63639057 3424901 22578267 7051550 52653823 14903400 244477726 257426742 4681941642 372270598 221163001 329908531 370150528 86086720 14331926 365415505 273275616 355626539 63395067 330732914 220912311 41069055 29228206 1139637 14642448 142703185 280468593 33883712 31486523 1041419 160892721 28031484 328301191 332005814 17867754 117791122 36788030 274695701 77751242 163298351 171947618 4583661908 248657315 147725333 220361667 247241219 57501432 9572978 244078471 182533837 237539952 42344593 220912311 147557885 27431983 19522915 761218 9780390 95318274 187338371 22632550 21031353 695613 4493432846 18723567 219288047 221762542 11934726 78678317 24572483 183482380 51933768 30358240 31966195 8808682999 46227034 27463113 40966686 45963772 10689895 1779679 45375797 33934244 44160243 7872139 41069055 27431983 5099786 3629438 141515 1818239 17720295 34827438 4207540 3909867 129319 19978997 3480834 40767093 41227118 2218744 14626817 4568186 34110584 9654830 21605486 22749843 4412121573 32899059 19545069 29155352 32711700 7607831 1266570 32293247 24150472 31428156 5602478 29228206 19522915 3629438 2583014 100714 1294012 12611258 24786144 2994440 2782591 92034 4400183653 2477255 29013305 29340697 1579045 10409678 3251107 24275971 6871191 842420 887039 4386984787 1282768 762082 1136797 1275463 296637 49384 1259147 941651 1225416 218446 1139637 761218 141515 100714 3926 50454 491725 966437 116756 108496 3588 4386519315 96590 1131258 1144024 61568 405884 126764 946545 267914 10823695 11396983 4399068609 16481434 9791489 14605950 16387573 3811293 634513 16177940 12098656 15744556 2806672 14642448 9780390 1818239 1294012 50454 648261 6317859 12417109 1500124 1393994 46106 4393088071 1241030 14534789 14698802 791054 5214934 1628706 12161527 3442259 105486175 111073360 4513671651 160625683 95426440 142347484 159710924 37144319 6183876 157667877 117911762 153444177 27353425 142703185 95318274 17720295 12611258 491725 6317859 61572943 121015357 14619995 13585667 449347 69421284 12094901 141653956 143252410 7709500 50823996 15873138 118524494 33547764 207322347 218303390 4636959517 315693439 187550961 279769499 313895574 73003382 12153780 309880173 231743574 301578920 53760374 280468593 187338371 34827438 24786144 966437 12417109 121015357 237843373 28734113 26701246 883146 136440473 23771299 278406440 281548040 15152238 99889394 31197037 232947836 65934718 25046835 26373467 4416287840 38139264 22658233 33799254 37922062 8819617 1468311 37436957 27997190 36434073 6494848 33883712 22632550 4207540 2994440 116756 1500124 14619995 28734113 3471399 3225806 106693 16483520 2871836 33634581 34014121 1830558 12067745 3768947 28142678 7965644 23274834 24507610 4414142568 35441005 21055219 31408040 35239170 8195651 1364431 34788385 26016458 33856453 6035354 31486523 21031353 3909867 2782591 108496 1393994 13585667 26701246 3225806 2997588 99145 15317352 2668660 31255018 31607706 1701050 11213982 3502304 26151654 7402094 769817 810591 931978 1172214 696403 1038823 1165538 271071 45128 1150628 860496 1119805 199619 1041419 695613 129319 92034 3588 46106 449347 883146 106693 99145 3279 506622 88266 1033762 1045427 56262 370903 115839 864968 244824 118931878 125231228 143984767 181099694 107589888 160491681 180068337 41878888 6972099 177764875 132941282 173002804 30840005 160892721 107467934 19978997 14218741 554403 7123159 69421284 136440473 16483520 15317352 506622 78270008 13636567 159709753 161511953 8692185 57302232 17896393 133632115 37823900 20720869 21818371 4411050613 31552038 18744814 27961613 31372350 7296336 1214711 30971030 23161653 30141359 5373090 28031484 18723567 3480834 2477255 96590 1241030 12094901 23771299 2871836 2668660 88266 13636567 2375826 27825382 28139369 1514393 9983463 3117993 23282013 6589857 242680197 255534005 293800553 369533468 219536894 327482870 367428986 85453765 14226550 362728777 271266349 353011785 62928953 328301191 219288047 40767093 29013305 1131258 14534789 141653956 278406440 33634581 31255018 1033762 159709753 27825382 325887347 329564732 17736381 116925059 36517545 272675993 77179573 245418653 258417507 297115863 373703365 222014197 331178258 371575136 86418044 14387086 366821889 274327378 356995247 63639057 332005814 221762542 41227118 29340697 1144024 14698802 143252410 281548040 34014121 31607706 1045427 161511953 28139369 329564732 333283613 17936522 118244468 36929617 275752929 78050485 13207841 13907409 15990061 20111816 11948270 17823217 19997280 4650811 774278 19741472 14763640 19212626 3424901 17867754 11934726 2218744 1579045 61568 791054 7709500 15152238 1830558 1701050 56262 8692185 1514393 17736381 17936522 965300 6363633 1987463 14840359 4200489 87071182 91682997 105412645 132584843 78767601 117497517 131829776 30659940 5104341 130143389 97327602 126657031 22578267 117791122 78678317 14626817 10409678 405884 5214934 50823996 99889394 12067745 11213982 370903 57302232 9983463 116925059 118244468 6363633 41951520 13102123 97833368 27691244 27193707 28634050 32922036 41408344 24600367 36696333 41172524 9575584 1594166 40645839 30396949 39556994 7051550 36788030 24572483 4568186 3251107 126764 1628706 15873138 31197037 3768947 3502304 115839 17896393 3117993 36517545 36929617 1987463 13102123 4092000 30554908 8648413 203055025 213810046 245828377 309195513 183690595 274010996 307434653 71500751 11903619 303501902 226973590 295371513 52653823 274695701 183482380 34110584 24275971 946545 12161527 118524494 232947836 28142678 26151654 864968 133632115 23282013 272675993 275752929 14840359 97833368 30554908 228153065 64577582 57473707 60517862 69580490 87516241 51992702 77557439 87017838 20237929 3369259 85904692 64243737 83603427 14903400 77751242 51933768 9654830 6871191 267914 3442259 33547764 65934718 7965644 7402094 244824 37823900 6589857 77179573 78050485 4200489 27691244 8648413 64577582 18278361
