149568675 28796683 32640949 98078870 157864602 194190177 203951877 47443479 111185781 193725459 161942585 110913535 154352120 162597509 90806982 4018071 136162658 83531402 8671485 56543876 197324693 62473924 130843915 94988838 184405042 18086004 82459753 139288561 116319750 200704419 110181464 199051127 144296683 28796683 5544269 6284411 18883273 30393911 37387729 39267164 9134365 21406767 37298256 31179051 21354351 29717647 31305145 17483205 773605 26215603 16082427 1669534 10886478 37991222 12028199 25191577 18288345 35503782 3482125 15876101 26817437 22395217 38641926 21213404 38323615 27781659 32640949 6284411 7123360 21404130 34451401 42378871 44509205 10353773 24264502 42277454 35341355 24205088 33684858 35484281 19817158 876879 29715302 18229380 1892411 12339788 43062929 13633925 28554572 20729780 40243423 3946978 17995510 30397480 25384907 43800499 24045325 43439695 31490421 98078870 18883273 21404130 64314702 103518881 127339185 133740368 31110811 72909490 127034449 106192996 72730966 101215589 106622460 59546200 2634829 89287945 54775276 5686281 37078349 129394628 40966946 85800208 62288430 120922634 11859802 54072549 91337740 76276063 131610865 72250914 130526727 94621789 157864602 30393911 34451401 103518881 166620668 204961065 215264204 50074964 117352775 204470572 170924838 117065428 162913364 171616089 95843652 4240937 143715011 88164527 9152455 59680120 208269440 65939082 138101260 100257457 194633191 19089156 87033439 147014294 122771503 211836624 116292752 210091631 152300195 194190177 37387729 42378871 127339185 204961065 252123814 264797766 61597508 144356340 251520455 210255651 144002873 200400688 211105962 117897841 5216801 176784682 108451704 11258489 73412868 256193465 81112053 169879174 123327289 239419435 23481684 107060346 180843149 151021949 260581480 143052400 258434952 187345367 203951877 39267164 44509205 133740368 215264204 264797766 278108822 64693938 151612955 264164077 220824942 151241719 210474583 221717998 123824419 5479043 185671429 113903437 11824439 77103242 269071993 85189456 178418790 129526799 251454753 24662079 112442137 189933910 158613635 273680588 150243467 271426158 196762986 47443479 9134365 10353773 31110811 50074964 61597508 64693938 15049165 35268349 61450099 51368508 35181992 48960797 51576251 28804154 1274540 43191064 26496326 2750612 17935829 62591783 19816852 41503948 30130647 58493644 5736916 26156397 44182607 36896854 63663839 34949778 63139411 45771193 111185781 21406767 24264502 72909490 117352775 144356340 151612955 35268349 82652855 144010880 120384250 82450473 114741680 120871106 67503742 2986938 101220068 62095249 6446175 42033367 146686465 46441623 97266242 70612434 137082304 13444703 61298611 103543790 86469324 149198872 81906269 147969854 107266708 193725459 37298256 42277454 127034449 204470572 251520455 264164077 61450099 144010880 250918540 209752487 143658259 199921108 210600763 117615699 5204317 176361617 108192168 11231546 73237183 255580367 80917944 169472635 123032154 238846479 23425490 106804139 180410372 150660537 259957881 142710060 257816490 186897029 161942585 31179051 35341355 106192996 170924838 210255651 220824942 51368508 120384250 209752487 175340195 120089480 167121766 176049302 98319500 4350489 147427479 90442007 9388883 61221786 213649488 67642430 141668713 102847323 199660985 19582270 89281700 150811990 125942955 217308821 119296844 215518750 156234437 110913535 21354351 24205088 72730966 117065428 144002873 151241719 35181992 82450473 143658259 120089480 82248587 114460726 120575144 67338454 2979625 100972223 61943204 6430391 41930445 146327292 46327907 97028078 70439534 136746648 13411783 61148517 103290255 86257598 148833548 81705715 147607539 107004057 154352120 29717647 33684858 101215589 162913364 200400688 210474583 48960797 114741680 199921108 167121766 114460726 159288547 167797637 93711134 4146576 140517357 86202869 8948813 58352240 203635452 64471940 135028512 98026732 190302609 18664423 85096948 143743231 120039841 207123267 113705242 205417099 148911520 162597509 31305145 35484281 106622460 171616089 211105962 221717998 51576251 120871106 210600763 176049302 120575144 167797637 176761277 98717122 4368083 148023703 90807770 9426853 61469378 214513525 67915989 142241647 103263256 200468450 19661465 89642771 151421901 126452291 218187656 119779302 216390346 156866277 90806982 17483205 19817158 59546200 95843652 117897841 123824419 28804154 67503742 117615699 98319500 67338454 93711134 98717122 55131249 2439474 82667845 50714058 5264681 34329239 119800886 37929523 79438699 57670162 111957034 10980477 50063433 84565660 70620706 121852805 66893995 120849048 87606220 4018071 773605 876879 2634829 4240937 5216801 5479043 1274540 2986938 5204317 4350489 2979625 4146576 4368083 2439474 107943 3657927 2244020 232954 1519017 5301008 1678324 3515042 2551817 4953929 485869 2215231 3741902 3124859 5391802 2959958 5347388 3876443 136162658 26215603 29715302 89287945 143715011 176784682 185671429 43191064 101220068 176361617 147427479 100972223 140517357 148023703 82667845 3657927 123958238 76044384 7894250 51475782 179638248 56874312 119116220 86474876 167876600 16464934 75068788 126803962 105893873 182715045 100305769 181209939 131363200 83531402 16082427 18229380 54775276 88164527 108451704 113903437 26496326 62095249 108192168 90442007 61943204 86202869 90807770 50714058 2244020 76044384 46650778 4842868 31578733 110202275 34890557 73073962 53049549 102986883 10100706 46052282 77790144 64962478 112089791 61534356 111166457 80587089 8671485 1669534 1892411 5686281 9152455 11258489 11824439 2750612 6446175 11231546 9388883 6430391 8948813 9426853 5264681 232954 7894250 4842868 502743 3278222 11440218 3622026 7585887 5507131 10691180 1048565 4780737 8075479 6743825 11636163 6387948 11540310 8365833 56543876 10886478 12339788 37078349 59680120 73412868 77103242 17935829 42033367 73237183 61221786 41930445 58352240 61469378 34329239 1519017 51475782 31578733 3278222 21376200 74597860 23618032 49465051 35910174 69713634 6837346 31173600 52657518 43974245 75875553 41653689 75250532 54550819 197324693 37991222 43062929 129394628 208269440 256193465 269071993 62591783 146686465 255580367 213649488 146327292 203635452 214513525 119800886 5301008 179638248 110202275 11440218 74597860 260328806 82421322 172621275 125317974 243284018 23860713 108788458 183762225 153459666 264787650 145361477 262606475 190369398 62473924 12028199 13633925 40966946 65939082 81112053 85189456 19816852 46441623 80917944 67642430 46327907 64471940 67915989 37929523 1678324 56874312 34890557 3622026 23618032 82421322 26094977 54652706 39676258 77024862 7554413 34442936 58179983 48586050 83833013 46022126 83142442 60271845 130843915 25191577 28554572 85800208 138101260 169879174 178418790 41503948 97266242 169472635 141668713 97028078 135028512 142241647 79438699 3515042 119116220 73073962 7585887 49465051 172621275 54652706 114463340 83097021 161319057 15821786 72136475 121850786 101757480 175577887 96387656 174131573 126231932 94988838 18288345 20729780 62288430 100257457 123327289 129526799 30130647 70612434 123032154 102847323 70439534 98026732 103263256 57670162 2551817 86474876 53049549 5507131 35910174 125317974 39676258 83097021 60325996 117112895 11486152 52368961 88460090 73872940 127464387 69974606 126414406 91640674 184405042 35503782 40243423 120922634 194633191 239419435 251454753 58493644 137082304 238846479 199660985 136746648 190302609 200468450 111957034 4953929 167876600 102986883 10691180 69713634 243284018 77024862 161319057 117112895 227355222 22298455 101665634 171730563 143412037 247450924 135844069 245412559 177905138 18086004 3482125 3946978 11859802 19089156 23481684 24662079 5736916 13444703 23425490 19582270 13411783 18664423 19661465 10980477 485869 16464934 10100706 1048565 6837346 23860713 7554413 15821786 11486152 22298455 2186979 9971121 16842922 14065508 24269393 13323260 24069475 17448509 82459753 15876101 17995510 54072549 87033439 107060346 112442137 26156397 61298611 106804139 89281700 61148517 85096948 89642771 50063433 2215231 75068788 46052282 4780737 31173600 108788458 34442936 72136475 52368961 101665634 9971121 45461464 76792151 64129056 110651759 60744914 109740270 79553214 139288561 26817437 30397480 91337740 147014294 180843149 189933910 44182607 103543790 180410372 150811990 103290255 143743231 151421901 84565660 3741902 126803962 77790144 8075479 52657518 183762225 58179983 121850786 88460090 171730563 16842922 76792151 129715016 108324892 186909656 102608500 185369997 134378921 116319750 22395217 25384907 76276063 122771503 151021949 158613635 36896854 86469324 150660537 125942955 86257598 120039841 126452291 70620706 3124859 105893873 64962478 6743825 43974245 153459666 48586050 101757480 73872940 143412037 14065508 64129056 108324892 90462018 156088083 85688265 154802315 112219714 200704419 38641926 43800499 131610865 211836624 260581480 273680588 63663839 149198872 259957881 217308821 148833548 207123267 218187656 121852805 5391802 182715045 112089791 11636163 75875553 264787650 83833013 175577887 127464387 247450924 24269393 110651759 186909656 156088083 269322864 147851190 267104330 193629995 110181464 21213404 24045325 72250914 116292752 143052400 150243467 34949778 81906269 142710060 119296844 81705715 113705242 119779302 66893995 2959958 100305769 61534356 6387948 41653689 145361477 46022126 96387656 69974606 135844069 13323260 60744914 102608500 85688265 147851190 81166427 146633273 106297790 199051127 38323615 43439695 130526727 210091631 258434952 271426158 63139411 147969854 257816490 215518750 147607539 205417099 216390346 120849048 5347388 181209939 111166457 11540310 75250532 262606475 83142442 174131573 126414406 245412559 24069475 109740270 185369997 154802315 267104330 146633273 264904071 192034978 144296683 27781659 31490421 94621789 152300195 187345367 196762986 45771193 107266708 186897029 156234437 107004057 148911520 156866277 87606220 3876443 131363200 80587089 8365833 54550819 190369398 60271845 126231932 91640674 177905138 17448509 79553214 134378921 112219714 193629995 106297790 192034978 139210517 
